    6
0          0.000000 0.137404 0.124032 0.149894 0.145656 0.193164
1          0.137404 0.000000 0.062666 0.125642 0.130406 0.200699
2          0.124032 0.062666 0.000000 0.096771 0.107085 0.190095
3          0.149894 0.125642 0.096771 0.000000 0.132023 0.223197
4          0.145656 0.130406 0.107085 0.132023 0.000000 0.225973
5          0.193164 0.200699 0.190095 0.223197 0.225973 0.000000
