    6
0          0.000000 0.178705 0.150100 0.128473 0.188796 0.241886
5          0.178705 0.000000 0.151643 0.143249 0.206924 0.200978
1          0.150100 0.151643 0.000000 0.075188 0.147876 0.167881
4          0.128473 0.143249 0.075188 0.000000 0.116463 0.157672
2          0.188796 0.206924 0.147876 0.116463 0.000000 0.210449
3          0.241886 0.200978 0.167881 0.157672 0.210449 0.000000
